5022
32475
60641
25959
14259
22604
52906
66869
47930
43247
8846
82238
36866
79502
63276
43481
16311
84063
65426
92325
9853
4870
50845
59449
78334
72811
10861
92223
53264
76756
18423
63047
57000
73261
45180
19464
39720
24617
35440
97445
46880
92884
76681
43330
83171
16141
6362
90412
6569
6276
12131
15672
42296
78784
78353
91708
40040
22092
2302
91218
32797
34423
30971
74904
29602
85031
91340
61157
35412
71285
22955
77299
57660
50150
41760
54683
86126
54574
77560
99677
46233
68872
9746
1425
39743
27254
43423
96073
53103
44476
48017
37522
20346
56571
79070
46910
15034
74786
47904
99265
92572
19265
34199
63894
24832
33976
26766
83057
19199
33936
8345
77957
37712
58014
17701
29345
93651
13339
71785
7213
33558
29542
16729
16406
96815
25211
83904
50597
75954
2761
40519
64788
2235
70552
67426
19794
88322
82293
97077
81514
96258
48826
82277
85017
84641
87732
15736
24788
36756
53153
84344
89273
95822
14254
18185
56871
63672
47357
24286
85965
1485
55281
38212
76509
14393
14721
72143
44590
2216
51424
71911
7768
29097
1184
16778
12834
49751
92982
84089
87779
3289
19533
66585
33319
32392
14542
8256
85658
34585
68526
59178
3255
21148
2922
89199
27452
27214
19652
43577
60015
70812
35496
192
26873
80198
62233
26915
83473
67017
4589
16294
66045
48530
93883
42034
1232
60287
62079
97385
29463
50113
12726
24891
53908
79989
92786
48391
56814
60065
1172
86525
85153
34822
30623
69992
44907
25162
19678
88284
72311
35080
97037
33416
61062
78125
64361
28540
90127
41144
39583
48852
99431
1347
83227
2151
97732
29832
3606
17367
97874
35280
34803
5689
21771
41156
3211
2867
97551
44632
58717
23507
8902
8981
63207
13746
71225
48483
49061
17415
42331
80671
94149
41018
87947
74037
11797
64955
50714
49628
93543
76682
65528
34031
78527
32747
93766
27910
60809
89218
3185
87759
79886
63612
59977
69500
32490
12567
29864
30945
87070
35733
95600
69808
1346
59673
48844
74695
86726
93723
91743
16175
17432
74683
78277
25327
38327
73502
41953
97393
80716
91722
80836
79474
3243
23957
39263
52172
95853
99155
93334
83929
8551
31121
14810
25861
64767
82470
57450
13683
88925
78521
15000
47692
74898
94492
36380
31325
1501
83007
59496
34437
8964
78830
75276
1797
25530
42947
10686
58675
75090
92063
45006
89613
99085
90649
13509
5119
22902
79993
65319
15522
69228
70934
95054
94780
73535
23781
39182
72599
80575
43361
78262
27308
54084
86920
84719
33063
15690
19992
65774
90956
49507
97570
35334
43886
11250
30943
1516
34296
62718
5697
45150
73861
17575
34991
84527
83312
38695
19520
54050
83635
88356
38513
25063
70631
91382
56864
5179
10318
5433
84448
97663
66109
86409
17532
81596
16154
86763
53995
78808
16164
11745
87185
84078
99103
67381
54830
59506
44548
87042
98882
72998
66663
56007
32357
99223
95795
94407
18788
908
13152
37022
66249
82466
93744
18393
28106
97139
29172
68939
81763
94474
53815
79804
67035
22020
52045
99634
55309
45077
7833
32851
24315
9774
29233
32918
68281
13320
86065
20389
39633
91377
45432
73064
50220
7849
6859
34756
66922
11478
21193
53238
53744
67279
23246
71687
30095
25236
14275
78900
24325
77503
15848
87120
59836
67987
39680
87389
95060
52049
57301
5908
46135
16531
72570
38113
91082
7640
98963
28103
42547
8664
13433
20642
93971
89450
42090
61957
37486
59478
20041
32941
26051
90093
92970
43917
5632
37328
13026
8721
96655
59657
2495
31401
75894
17190
27921
5515
64221
16490
40648
571
59973
71374
36424
27832
72031
48001
20617
94937
97599
11538
1524
52560
20512
31947
33669
63379
16982
1411
80596
11491
16339
5181
43294
29420
21466
66464
72099
52241
55198
16698
92293
58835
45291
41136
3535
9880
48815
55901
97259
81309
17223
66573
86512
19400
80306
12640
58576
52781
6316
71430
24998
52917
49488
31127
42130
91523
73663
98708
49969
12636
34845
97518
36800
41776
39696
27742
38266
58693
96135
11757
96540
65701
21612
25730
8944
55694
93653
18667
69774
4287
70675
28177
76906
33998
30227
45966
65299
28828
30931
28562
82656
67127
63891
75138
11022
63896
69555
63597
94129
62774
45869
41967
53753
31321
82577
31639
36037
81852
90149
60571
92110
8109
63150
38528
34192
16145
90264
65348
43120
12070
46291
18591
81431
69110
49746
14992
95776
7984
69469
39942
34971
62781
35248
16221
80325
21076
70406
7815
62027
58182
13991
56033
68479
61899
48206
47261
40700
8701
88990
88360
20138
40631
3906
3267
5794
65589
68985
74059
62107
44292
96689
75727
89339
56875
63051
39097
65518
93155
34824
1824
36912
38177
78669
5222
38189
90600
74620
14726
54842
20795
61175
46668
29726
67539
39200
99891
26016
29820
81937
987
5344
82274
83423
83603
77743
90339
26590
8390
80699
85379
21034
29957
93260
31273
94071
59140
45638
28885
97172
2724
65187
17282
45670
86434
17479
77468
35556
37387
3693
54062
52640
40913
6344
47073
65483
73518
19136
82074
53056
39907
18320
62920
32945
84979
88505
77543
21963
96317
90434
94472
12442
42388
12240
1976
12516
135
22453
29574
25216
9423
51968
77282
5781
41331
22378
95792
97007
94853
29176
10952
66610
52636
37382
44388
73912
59601
2187
77967
94360
42836
18372
20043
20219
772
7673
9913
7646
57453
14768
65768
81379
42987
12659
75474
84564
83396
32383
37636
21009
97647
70984
83496
71868
74931
15868
29974
74625
33195
50993
49197
20778
84471
34615
93946
12417
84607
85960
45683
67757
63267
16354
8049
42569
29119
75771
38324
16088
87846
23427
93800
1652
17398
7981
99847
67425
93147
50354
16351
99004
75798
65057
43930
62620
16638
6528
18612
23172
502
66645
19277
40919
41806
89146
64549
60354
56628
12662
47413
84849
24885
48237
93739
74984
30518
4650
28617
18464
6962
31250
86314
46073
16246
22659
64322
90436
49007
71933
7518
19991
8784
49856
76337
21156
51083
27078
832
56818
65027
44496
32319
52865
34633
53305
81336
88514
62474
83961
73206
9590
66540
38944
75215
9167
73126
29351
89693
96271
64298
55563
18882
92620
37705
74552
53773
74831
74173
95457
72325
27062
18601
53847
71921
46034
59150
94550
51810
94002
80331
75564
87688
59204
17467
14357
22755
52666
57211
56849
17630
38575
12127
20799
84891
30687
2545
55830
12121
92114
22690
