14
110
117
262
472
474
493
510
525
932
1015
1016
1024
1081
1272
1417
1420
1493
1543
1583
1592
1833
1936
1974
2105
2126
2166
2201
2288
2295
2589
2677
2701
2716
2779
2888
2984
3099
3102
3187
3359
3440
3508
3755
3768
3772
3853
3911
3996
4146
4315
4441
4632
4708
4762
4810
4942
4956
4959
5035
5079
5151
5231
5516
5619
5671
5679
5695
5958
6181
6691
6830
6852
6883
7026
7201
7295
7419
7465
7479
7577
7589
7791
7846
7876
7917
7963
7999
8294
8300
8347
8492
8598
8634
8851
8938
8994
9128
9261
9423
9523
9551
9590
9690
9722
9951
10034
10068
10114
10122
10187
10261
10367
10380
10403
10405
10411
10470
10517
10638
10710
10760
10871
10894
10897
10980
11031
11075
11124
11126
11274
11357
11481
11551
11920
12074
12089
12107
12169
12187
12189
12269
12342
12364
12509
12772
12774
12890
12910
12990
13057
13221
13356
13402
13505
13540
13598
13775
14297
14446
14458
14485
14507
14700
14743
14864
14905
14938
14978
15248
15252
15273
15289
15490
15673
15717
15734
15822
15862
15962
15999
16036
16200
16233
16239
16347
16422
16623
16730
17071
17108
17205
17282
17425
17434
17442
17464
17501
17933
17977
18154
18177
18195
18210
18224
18242
18368
18549
18576
18582
18601
18605
18611
18707
18970
19093
19153
19204
19336
19433
19491
19550
19563
19652
19766
19982
20249
20373
20422
20732
20809
20842
21294
21322
21715
21832
21843
21919
22020
22030
22112
22128
22173
22209
22219
22227
22311
22325
22416
22425
22635
22768
23006
23048
23195
23297
23311
23607
23628
23630
23727
24354
24503
24606
24975
25002
25052
25065
25182
25494
25737
25863
25983
25998
26020
26107
26119
26153
26491
26618
26734
27028
27101
27155
27225
27233
27296
27304
27359
27394
27535
27587
27655
27784
27839
28059
28062
28084
28097
28218
28242
28270
28405
28464
28614
28668
28756
29045
29319
29330
29408
29587
29718
29845
29900
30024
30075
30231
30477
30520
30935
31106
31297
31357
31405
31529
31533
31539
31623
31728
31746
31776
31858
31912
31996
32093
32158
32272
32376
32473
32576
33436
33572
33607
33634
33804
33825
34129
34237
34349
34355
34478
34633
34823
34897
34901
34903
35374
35408
35456
35656
35697
35745
35943
36017
36035
36106
36113
36214
36218
36412
36435
36448
36498
36552
36579
36595
36665
36807
36817
36902
36953
36975
37346
37353
37431
37560
37590
37637
37668
37686
37753
38284
38299
38354
38534
38636
38653
38664
38766
39122
39123
39264
39272
39292
39441
39526
39596
39699
39719
39735
39776
39815
39973
40110
40126
40226
40233
40246
40415
40436
40510
40580
40686
40689
40735
40831
41154
41181
41298
41523
41573
41605
41746
41779
41790
41830
41900
41933
41994
42186
42208
42448
42742
42921
42954
42964
43150
43195
43492
43516
43537
43561
43583
43768
43810
43870
44128
44278
44544
44838
45030
45042
45170
45285
45469
45472
45699
45885
45918
46013
46069
46172
46258
46277
46400
46420
46661
46872
46994
47089
47126
47218
47374
47519
47534
47550
47602
47651
47936
47942
48059
48087
48161
48211
48255
48479
48890
49002
49044
49201
49234
49235
49252
49356
49669
49766
49889
49962
50052
50490
50678
50731
50824
50979
51073
51181
51239
51336
51352
51518
51624
51638
51839
51862
52179
52378
52542
52546
52581
52592
52675
52686
52916
53008
53405
53526
53529
53940
53946
54002
54044
54252
54320
54410
54530
54532
54568
54615
54686
54716
54777
54795
54874
54885
54892
54944
55301
55391
55412
55445
55505
55688
55769
55792
55800
55943
55998
56014
56065
56087
56174
56495
56501
56667
56804
56828
56840
57406
57462
57495
57530
57642
58116
58128
58203
58339
58347
58364
58405
58466
58545
58557
58596
58680
58698
58806
58891
58901
59058
59284
59366
59388
59405
59406
59468
59547
59741
59753
59969
60169
60338
60584
60639
60710
60812
60900
61040
61117
61160
61196
61197
61377
61383
61907
61957
62006
62066
62117
62268
62380
62449
62460
62554
62574
62883
63039
63226
63345
63522
63722
63825
63955
64439
64454
64529
64559
64584
64648
64685
64706
64778
64831
64935
64963
65003
65022
65054
65055
65190
65245
65497
65671
65937
65985
66133
66199
66348
66397
66555
66988
67001
67092
67216
67230
67236
67250
67270
67336
67397
67542
67746
67957
68119
68165
68195
68245
68726
68890
68928
69004
69056
69077
69181
69352
69774
69794
69806
69861
70018
70040
70099
70251
70263
70301
70315
70366
70374
70393
70427
70625
70677
70709
70720
70769
70899
71110
71210
71462
71753
71827
71862
71999
72054
72061
72187
72197
72228
72400
72455
72579
72585
72839
73097
73245
73406
73631
73694
73765
73803
73831
73871
73931
74021
74151
74217
74367
74468
74537
74619
74728
74841
74964
75035
75126
75260
75263
75302
75427
75500
75578
75679
75710
75755
75915
75919
76281
76654
76730
76970
77234
77384
77723
77800
77947
78046
78096
78168
78184
78403
78405
78406
78408
78679
78918
78919
79473
79476
79555
79631
79695
79762
79963
80176
80454
80502
80664
80720
80895
81165
81227
81278
81299
81328
81335
81386
81405
81499
81634
81739
81803
81858
81962
82027
82036
82100
82229
82322
82336
82370
82419
82435
82883
82997
83207
83330
83402
83422
83486
83507
83511
83512
83567
83586
83593
83701
83781
83787
83901
83942
84082
84164
84189
84351
84404
84498
84720
84743
84792
84839
84975
85607
85783
85906
86212
86457
86681
86895
87017
87149
87153
87178
87253
87481
87510
87541
87575
87662
87681
87725
88062
88170
88253
88270
88273
88306
88324
88347
88390
88425
88666
88909
88927
89081
89126
89131
89172
89315
89384
89393
89562
89751
90020
90104
90483
90616
90649
90695
90768
90788
90815
90884
90909
91007
91116
91137
91244
91275
91416
91580
91664
91671
91678
91696
91841
91925
92198
92259
92288
92319
92342
92364
92507
92531
92589
92751
92760
92786
92915
93010
93054
93153
94038
94133
94169
94264
94406
94488
94492
94607
94633
94892
94899
95016
95065
95144
95372
95495
95577
95603
95662
95715
95724
95778
95878
96018
96070
96072
96193
96402
96448
96474
96475
96486
96603
96959
96973
97335
97497
97535
97609
97829
97841
97910
97998
98103
98229
98316
98337
98423
98467
98529
98559
98685
98908
98942
99024
99100
99142
99176
99208
99291
99299
99614
99683
99708
99726
99731
99773
99848
